121792466
179468068
37130069
25031906
58071469
91963078
7206612
9591177
18514422
109571278
42070971
83877758
234669441
22012633
23702442
61896689
58039439
71983239
83140092
208222960
45730151
170382157
56180196
68911493
217550974
42535039
222774446
21816928
212609022
32327844
136010570
14470700
18627780
45350422
14099782
57076952
163035856
33661534
34127917
40081880
186622254
1350024
221159438
159256817
37029204
163971482
108976307
100413101
90213484
31635150
84883144
183613574
45264737
21682851
40218441
6394354
29880185
111171914
130548052
128079053
79349492
18261235
96609462
197672534
52835377
93083691
13981510
13713313
11219682
38144579
75852275
81137460
45755953
62297213
60696118
178248930
95200907
39041225
63413208
44827577
19237585
81355765
106244705
12071383
34155474
160506035
18683517
14472085
11081119
37261739
63880030
16451449
21326091
22221183
180933488
27975504
17690313
6444287
157419475
178441707
11546733
7708559
33732000
17382329
76729083
18679379
77484180
53292444
30140319
56749147
9617567
19739047
27414025
18145632
23870556
18867956
1967869
65804180
151933243
154568695
19401137
3576403
13899898
36124399
167611119
5868015
71536211
61750508
74616866
31535815
122116934
4166453
174097016
97936120
159185026
60749475
33143683
56373779
44378336
23163920
29195214
49379897
19203467
28949060
19928759
36098376
19856589
9445865
41057413
19207005
6712268
31809491
11547366
10910041
8430770
9541356
88826162
18391548
58535600
54489171
51638927
10280040
27330089
4610769
126037643
111973557
17290417
35852145
47656410
58423077
146155079
21687000
6433503
73888192
97267847
37392891
17395730
37175567
29698058
103002864
8370658
198844336
11071814
4556747
193178910
173620978
179132559
137245824
108753349
5463198
96167125
76849675
25112867
5270448
146918927
119822534
18408083
18250697
62604196
31476811
35685716
7521144
21134720
119852765
131572081
59245147
4092899
3889616
132230087
94073320
11933361
10886184
41546485
13955741
23478285
36061998
4113744
21582072
3634158
7347573
21527097
23169314
12222647
916368
7177474
20456868
6418274
41496044
39875429
10232982
92563980
162377159
160317648
4045986
90469653
4542821
7144875
2810446
2262508
99596494
5189312
7675564
91878759
34051352
97885348
7135453
43903322
41320998
36246834
4571738
22158741
58260463
7664631
3047179
19315902
16631743
18056921
93656451
11091336
11309980
6088067
52269113
15206210
12344611
42908063
18698876
4792975
35402410
8210875
29736690
45447781
17355029
12445349
23522719
63488838
14762632
15129439
20736258
8673692
12427287
8836711
8434449
28547063
38148777
216859646
22793581
34935866
3034178
159642604
203271056
9274260
21128843
50039209
26913248
166651648
139828144
8956763
819233
18739578
198424774
158208130
174450148
21741482
4354958
45437777
1639930
25052057
1078088
672567
140654585
50246949
6012369
1481637
85297749
44997883
5940384
9662642
14732848
18879901
6634720
7958248
4705850
219362
2688709
96054582
16574472
923977
7616458
97617291
22463504
100583467
2959076
3535595
79653790
4119082
7260223
2571315
17159447
11906422
10199343
2270683
61413675
10142605
36914089
2871171
8853105
2886680
10233957
650656
513367
1584860
796910
62066166
4399561
18678566
698530
779366
11843312
2144729
19941511
2152786
50093095
4250085
35528715
725280
8821837
15648415
46531873
7858006
34434785
41397649
5962546
2083725
1792428
8414788
7386444
749048
834565
2977715
499487
319156
1896028
1624800
1215745
7958567
1380099
18923020
18791477
17855625
28605507
34304640
2020787
5766951
367772
5935227
6302942
1307171
12837189
4729035
1788780
6738084
2987776
2749134
791551
749753
3277469
524037
4144900
5608823
1293884
2461099
733318
4869304
4922973
5925326
4485972
715220
2250414
2039623
118092
2402473
3378784
3420180
723646
2699634
1168361
5072179
1346703
1897814
3512332
1920221
1128742
1642488
1081188
847306
1705404
3756594
553865
703824
1550559
1215834
356564
2628283
383282
673836
426675
31559008
15576177
223248301
222685908
16317163
227675763
222757317
9596243
