28638603
43627597
88660783
85021791
208057456
31858568
92383560
182406519
56719936
89153854
10315093
36877047
67965382
150915789
17842059
28397359
57547166
35346324
59556323
66632675
222962484
92454482
33536114
34914364
18547204
87158678
24014199
78994224
30364128
182657247
15941670
18157665
38650685
10029730
123602528
182717094
163094053
30304424
20202209
190490786
186973850
44921551
10621985
18804031
185427379
23617630
33654080
212731203
11487953
133642864
26728293
48179332
51180327
28060337
19471864
14107070
31880172
214562943
76295452
183900406
63237952
18348532
87074623
145615730
30123317
25613819
49406627
31440109
6633438
192135484
42450619
19430392
37117160
159353298
183342586
39008449
39055340
221810527
84724352
51320440
32858725
64393033
4241193
37500417
7419343
12015785
33195875
23041503
12565484
90658425
28782426
3039165
30787199
33563638
102250045
57695605
51536571
145342307
183968954
28161321
40574571
11206961
220822360
145852766
91888224
96218942
20298290
36870219
218840327
20455930
16191455
13658999
29719018
9600409
20313950
41137965
220357727
43111919
72244607
24936505
113505585
58874963
23548273
9293893
121139084
36252624
16641866
17840196
12469785
30805508
55665505
18752058
66568139
30559190
1200502
65305917
113299123
183269770
39345552
134360348
61401757
69300260
133039305
41283607
80778382
20313715
10287319
24690503
45900488
18262550
23767299
17680514
40839752
42609280
34600105
39908317
151645693
38068535
219815708
21889092
15203918
155896307
97263195
13600462
19652932
14069294
18907324
96816650
30139166
20307496
46741683
15251893
24411072
97068484
117216011
15347387
181760132
24588026
9546851
672181
36480527
37239378
19657846
721629
41086525
14039807
12695508
22154634
218919494
1471450
48388876
31098363
17614224
23307182
23392947
68490819
33250077
179415706
41542356
23914392
1278900
61468253
44964600
25625688
9049894
63807524
61733500
19182306
183363549
49809441
31576271
10826017
31818919
58199011
17550304
37348892
19062704
169909431
145513317
161878764
9797748
10624879
19299070
692250
18504614
26879904
178475002
7004067
159630075
447952
58940629
7428674
216266795
181118445
21840214
138105356
5249710
13498276
15012971
79475069
113920024
5726553
114310015
43593355
166780991
150391686
35430872
28525623
51828274
13058526
6729503
175075494
19706408
23155737
5036771
19911405
78349936
110752379
182805368
100264093
51225526
9655552
13305086
22904409
118289580
89228893
38557706
110964001
182231343
63797187
134918237
85105459
36328573
124419279
55790456
38228662
78107386
35377587
70382465
20050843
182298005
95448491
62807215
60511192
20377131
182219519
14184805
10372716
13918876
41088828
26494881
177392697
71580776
38687261
25544464
24624553
12120763
16095344
47746763
96937004
13610699
34803725
7898670
29359463
100180691
76455380
28318884
11327185
135960842
52457382
1354205
3800794
15709660
94198596
6699696
21559064
90066176
29565991
18617588
10623359
5875676
51224430
59823185
93159655
28964307
53903474
50877642
11317997
4586435
39019169
713058
60919230
17352523
51785733
40728741
100106114
49875658
166515
170241431
181478737
13571357
81699594
85786832
168132715
54920863
71785577
31794919
11587621
45926027
4707358
150308482
24048898
35308627
145542273
50593104
3154136
15694115
45223953
29352305
119160132
17805506
16577321
87312287
50505558
17837008
26499735
110303239
18519177
55747346
63304905
10695684
32504118
40731303
79932056
49888549
12340398
12619045
101296302
69223125
7547675
12519453
6691587
15165807
84141075
15236757
23627662
5323318
12135262
8221001
87945611
61923286
39152039
35004477
15104649
39511584
63208922
5318671
17960857
96472545
12522423
17873712
9783790
8789496
43258342
105200177
9860259
53616920
121569930
137965504
19369482
90620230
16084120
146864406
124190126
152319128
85782444
19380864
4482509
16278966
12467182
20594974
18576296
27324587
144412542
99080500
50947064
8528523
91397269
100060658
34060255
96748414
116634306
73961680
2378851
27947355
11545308
49401268
18212648
650584
4852283
23890399
8143550
19193278
45178290
20218115
69106189
96984667
96376913
76400014
26882866
6943970
26396349
96967768
16078640
96951717
45015050
19010568
68098945
5225826
81711319
77282207
20040734
95243257
6664108
16226713
11328283
30727921
9144927
10258363
18674605
2599575
96257442
14090098
14734998
23762372
11508526
11932750
15912251
42145349
8340857
40251515
643268
85581725
40190321
4449592
49080820
41639563
4642878
13347586
24918314
63734093
14905795
17671355
11636035
76472726
22211633
33890407
61233313
17932426
11421953
62111660
85953815
14708672
25766208
50648882
60533074
39127516
21014360
15910642
10093473
8903822
17620905
45040770
16067448
5826526
4599724
237790652
11726126
106101688
2657374
7686121
18457660
5680160
2086139
12077012
83429321
1329656
629397
414250
1629687
195963712
86169228
50210537
1418842
5504790
635937
10348871
1794846
10347079
4510278
2396387
10717111
10042554
18372571
139066631
50199273
9550791
48492379
39034968
5356468
1187163
4930567
2112212
10704298
9302438
813259
28084460
375003
97237230
2593900
4179773
13901763
1560856
8612723
27456634
12459165
2470139
330770
1007465
5086342
1179759
386955
10071505
5982202
9136147
1752177
5542153
1169074
6193333
15659309
67135808
8919646
4860425
2181612
5204403
15431923
4137035
10825882
647108
617180
11402331
4395051
36286213
2191226
365896
6389542
9862783
51268876
4047082
5018178
13690449
28191990
1635638
42113378
10487561
343692
4764683
5164525
12388585
3418628
7641514
5617195
10037259
11687551
5322979
9473229
2054364
2307251
450214
2942461
3113937
671084
34400645
4199671
3690699
5529291
2014403
2927075
13374171
467135
677287
17908255
34011014
33257873
12720844
51983
29562741
17485368
7532314
1290504
4240184
17168128
793833
528657
11624283
5156341
1694421
22003786
8645754
18612570
10642145
15733831
3730673
3067204
12972391
2000841
5251143
10394081
3577291
1792870
12364103
2565363
4619291
1407060
1408912
1375156
263806
477871
7643072
4859177
2633229
1962182
4671472
4790944
3705039
2466688
3752920
4375186
4612972
1669554
4527292
4286356
8510888
3223588
1785612
617190
1549729
1380655
2629267
444276
4740737
5681700
3521318
1701252
3521022
1183939
3470298
1416244
98820
8767
641412
263337
1595867
400996
9173
1550649
681701
886604
44452623
207094130
168467402
223931027
155621899
50748873
200038312
222668936
17548420
20504165
148901948
209471714
178059296
153039179
171538419
185606273
17754167
18209068
95042066
14437496
17552040
23830759
198074264
46876379
137914882
46113263
